      diarization error rate    total correct correct false alarm false alarm missed detection missed detection confusion confusion
                           %                        %                       %                                 %                   %
item                                                                                                                               
syiwe                  52.00    63.76   31.35   49.17        0.75        1.17             0.32             0.51     32.08     50.32
szsyz                   9.82    50.56   45.92   90.82        0.33        0.64             1.56             3.09      3.08      6.09
tcwsn                  34.86   372.28  243.89   65.51        1.39        0.37             8.22             2.21    120.17     32.28
tfvyr                   2.04    27.40   27.40  100.00        0.56        2.04             0.00             0.00      0.00      0.00
tguxv                  15.70   238.16  204.80   85.99        4.02        1.69             0.08             0.03     33.28     13.98
tiams                  23.46   145.48  113.42   77.96        2.07        1.42             0.94             0.64     31.12     21.39
tjkfn                  25.23   635.84  482.08   75.82        6.66        1.05            13.18             2.07    140.57     22.11
tlprc                  51.92   137.96   69.68   50.51        3.35        2.43             1.32             0.96     66.95     48.53
tplwz                  65.43   255.12   92.18   36.13        4.00        1.57            28.76            11.27    134.18     52.59
tucrg                  59.42     4.48    3.11   69.39        1.29       28.81             0.07             1.49      1.30     29.12
txcok                  40.97   448.36  266.29   59.39        1.61        0.36            24.73             5.52    157.33     35.09
uatlu                  53.97   129.20   68.35   52.90        8.88        6.87            12.69             9.83     48.16     37.27
udjij                  58.59   546.28  240.67   44.06       14.45        2.65            32.04             5.87    273.57     50.08
uexjc                  49.40   310.16  164.05   52.89        7.11        2.29            13.90             4.48    132.20     42.62
ufpel                  28.54   238.20  180.09   75.61        9.86        4.14             5.43             2.28     52.68     22.12
ulriv                  66.20   543.04  184.92   34.05        1.36        0.25            82.57            15.21    275.55     50.74
usbgm                   1.56    57.48   57.48  100.00        0.89        1.56             0.00             0.00      0.00      0.00
uvnmy                  17.65   167.28  139.56   83.43        1.81        1.08             2.61             1.56     25.10     15.01
vbjlx                  59.19   450.80  185.49   41.15        1.53        0.34           130.16            28.87    135.14     29.98
vmaiq                  67.23   718.44  250.43   34.86       15.00        2.09            16.94             2.36    451.07     62.78
vmbga                  64.33   702.60  260.94   37.14       10.35        1.47            78.34            11.15    363.32     51.71
wbqza                  37.69   634.92  398.81   62.81        3.21        0.51            16.80             2.65    219.31     34.54
wdjyj                  57.28   188.52   89.21   47.32        8.68        4.60             1.54             0.82     97.77     51.86
wewoz                  72.17   121.72   37.60   30.89        3.72        3.05             0.40             0.33     83.72     68.78
whmpa                   6.48    46.04   43.07   93.55        0.01        0.03             1.21             2.63      1.76      3.82
willh                  47.61   114.80   60.57   52.76        0.43        0.37             0.28             0.25     53.94     46.99
wjhgf                  49.96   102.92   53.08   51.57        1.58        1.54            19.52            18.97     30.32     29.46
wmori                  50.41    97.96   49.52   50.55        0.94        0.96             2.57             2.63     45.87     46.82
wnfoi                  61.14   291.20  114.17   39.21        1.02        0.35            59.65            20.49    117.37     40.31
wspbh                  64.97   637.84  235.28   36.89       11.85        1.86            14.31             2.24    388.26     60.87
xiglo                  29.10   101.92   73.49   72.10        1.23        1.20             2.12             2.08     26.31     25.81
xmfzh                  76.46   174.76   43.80   25.06        2.66        1.52             2.34             1.34    128.63     73.60
xvllq                  12.65   239.96  213.30   88.89        3.69        1.54             3.69             1.54     22.97      9.57
xxwgv                  39.14   666.28  411.81   61.81        6.29        0.94            26.72             4.01    227.75     34.18
xypdm                  12.61   326.76  310.70   95.09       25.14        7.70             7.57             2.32      8.49      2.60
ycxxe                  64.99   142.96   50.61   35.40        0.55        0.39             6.47             4.52     85.88     60.08
ydlfw                  71.05   225.60   65.47   29.02        0.15        0.07            28.35            12.57    131.79     58.42
yfcmz                  46.24   546.92  296.46   54.21        2.42        0.44            10.87             1.99    239.59     43.81
ylnza                  33.03   533.76  359.55   67.36        2.10        0.39             8.67             1.62    165.54     31.01
ypwjd                  34.43   228.96  162.45   70.95       12.33        5.38             1.16             0.51     65.35     28.54
yrsve                  45.65   634.56  346.19   54.56        1.28        0.20            49.57             7.81    238.80     37.63
ysgbf                  11.25    97.32   97.07   99.75       10.71       11.00             0.25             0.25      0.00      0.00
yuzyu                  11.66   658.84  583.13   88.51        1.13        0.17            31.59             4.80     44.12      6.70
ywcwr                  30.20   129.44   91.28   70.52        0.92        0.71             1.32             1.02     36.84     28.46
zajzs                  17.19   197.44  164.26   83.20        0.77        0.39             7.23             3.66     25.95     13.14
zcdsd                  37.41   589.56  371.21   62.96        2.18        0.37            18.99             3.22    199.36     33.81
zfkap                  23.74   102.84   79.20   77.01        0.77        0.75             0.55             0.54     23.09     22.45
zidwg                  49.87   167.64   87.88   52.42        3.84        2.29             0.04             0.02     79.72     47.55
zmndm                   2.48   273.16  267.86   98.06        1.47        0.54             5.30             1.94      0.00      0.00
zrlyl                  25.62   548.08  416.06   75.91        8.41        1.53            39.13             7.14     92.89     16.95
ztzzr                   7.93   215.96  215.14   99.62       16.30        7.55             0.82             0.38      0.00      0.00
zvmyn                   5.03   113.20  113.06   99.88        5.56        4.91             0.14             0.12      0.00      0.00
zyffh                  15.19   247.80  211.61   85.39        1.44        0.58             5.53             2.23     30.66     12.37
TOTAL                  41.28 15642.52 9425.04   60.25      240.03        1.53           828.58             5.30   5388.90     34.45