      diarization error rate    total correct correct false alarm false alarm missed detection missed detection confusion confusion
                           %                        %                       %                                 %                   %
item                                                                                                                               
syiwe                  52.00    63.76   31.35   49.17        0.75        1.17             0.32             0.51     32.08     50.32
szsyz                   9.82    50.56   45.92   90.82        0.33        0.64             1.56             3.09      3.08      6.09
tcwsn                  34.76   372.28  244.25   65.61        1.39        0.37             8.22             2.21    119.81     32.18
tfvyr                   2.04    27.40   27.40  100.00        0.56        2.04             0.00             0.00      0.00      0.00
tguxv                  26.26   238.16  179.64   75.43        4.02        1.69             0.08             0.03     58.44     24.54
tiams                  23.46   145.48  113.42   77.96        2.07        1.42             0.94             0.64     31.12     21.39
tjkfn                  13.92   635.84  553.99   87.13        6.66        1.05            13.18             2.07     68.67     10.80
tlprc                  59.52   137.96   59.20   42.91        3.35        2.43             1.32             0.96     77.44     56.13
tplwz                  74.18   255.12   69.88   27.39        4.00        1.57            28.76            11.27    156.48     61.34
tucrg                  59.42     4.48    3.11   69.39        1.29       28.81             0.07             1.49      1.30     29.12
txcok                  65.38   448.36  156.82   34.98        1.61        0.36            24.73             5.52    266.80     59.51
uatlu                  54.25   129.20   67.99   52.63        8.88        6.87            12.69             9.83     48.51     37.55
udjij                  73.28   546.28  160.43   29.37       14.45        2.65            32.04             5.87    353.81     64.77
uexjc                  45.14   310.16  177.25   57.15        7.11        2.29            13.90             4.48    119.00     38.37
ufpel                  49.87   238.20  129.28   54.28        9.86        4.14             5.43             2.28    103.49     43.45
ulriv                  63.47   543.04  199.71   36.78        1.36        0.25            82.57            15.21    260.76     48.02
usbgm                   1.56    57.48   57.48  100.00        0.89        1.56             0.00             0.00      0.00      0.00
uvnmy                  17.65   167.28  139.56   83.43        1.81        1.08             2.61             1.56     25.10     15.01
vbjlx                  56.58   450.80  197.26   43.76        1.53        0.34           130.16            28.87    123.38     27.37
vmaiq                  66.14   718.44  258.26   35.95       15.00        2.09            16.94             2.36    443.24     61.69
vmbga                  54.75   702.60  328.27   46.72       10.35        1.47            78.34            11.15    295.98     42.13
wbqza                  27.88   634.92  461.11   72.62        3.21        0.51            16.80             2.65    157.01     24.73
wdjyj                  76.18   188.52   53.59   28.42        8.68        4.60             1.54             0.82    133.39     70.76
wewoz                  78.60   121.72   29.76   24.45        3.72        3.05             0.40             0.33     91.56     75.22
whmpa                   6.48    46.04   43.07   93.55        0.01        0.03             1.21             2.63      1.76      3.82
willh                  47.61   114.80   60.57   52.76        0.43        0.37             0.28             0.25     53.94     46.99
wjhgf                  49.96   102.92   53.08   51.57        1.58        1.54            19.52            18.97     30.32     29.46
wmori                  46.41    97.96   53.44   54.55        0.94        0.96             2.57             2.63     41.95     42.82
wnfoi                  69.54   291.20   89.72   30.81        1.02        0.35            59.65            20.49    141.83     48.70
wspbh                  69.99   637.84  203.28   31.87       11.85        1.86            14.31             2.24    420.25     65.89
xiglo                  29.10   101.92   73.49   72.10        1.23        1.20             2.12             2.08     26.31     25.81
xmfzh                  76.46   174.76   43.80   25.06        2.66        1.52             2.34             1.34    128.63     73.60
xvllq                  20.10   239.96  195.42   81.44        3.69        1.54             3.69             1.54     40.85     17.03
xxwgv                  40.74   666.28  401.10   60.20        6.29        0.94            26.72             4.01    238.46     35.79
xypdm                  51.51   326.76  183.59   56.19       25.14        7.70             7.57             2.32    135.60     41.50
ycxxe                  65.14   142.96   50.39   35.25        0.55        0.39             6.47             4.52     86.10     60.23
ydlfw                  71.05   225.60   65.47   29.02        0.15        0.07            28.35            12.57    131.79     58.42
yfcmz                  42.04   546.92  319.41   58.40        2.42        0.44            10.87             1.99    216.64     39.61
ylnza                  39.25   533.76  326.34   61.14        2.10        0.39             8.67             1.62    198.75     37.24
ypwjd                  34.43   228.96  162.45   70.95       12.33        5.38             1.16             0.51     65.35     28.54
yrsve                  49.15   634.56  323.96   51.05        1.28        0.20            49.57             7.81    261.03     41.14
ysgbf                  11.25    97.32   97.07   99.75       10.71       11.00             0.25             0.25      0.00      0.00
yuzyu                  25.38   658.84  492.76   74.79        1.13        0.17            31.59             4.80    134.49     20.41
ywcwr                  30.20   129.44   91.28   70.52        0.92        0.71             1.32             1.02     36.84     28.46
zajzs                  17.19   197.44  164.26   83.20        0.77        0.39             7.23             3.66     25.95     13.14
zcdsd                  58.51   589.56  246.81   41.86        2.18        0.37            18.99             3.22    323.76     54.92
zfkap                  30.63   102.84   72.11   70.12        0.77        0.75             0.55             0.54     30.18     29.35
zidwg                  49.87   167.64   87.88   52.42        3.84        2.29             0.04             0.02     79.72     47.55
zmndm                   2.48   273.16  267.86   98.06        1.47        0.54             5.30             1.94      0.00      0.00
zrlyl                  46.90   548.08  299.46   54.64        8.41        1.53            39.13             7.14    209.49     38.22
ztzzr                  24.69   215.96  178.94   82.86       16.30        7.55             0.82             0.38     36.20     16.76
zvmyn                   5.03   113.20  113.06   99.88        5.56        4.91             0.14             0.12      0.00      0.00
zyffh                  40.64   247.80  148.53   59.94        1.44        0.58             5.53             2.23     93.74     37.83
TOTAL                  46.21 15642.52 8653.51   55.32      240.03        1.53           828.58             5.30   6160.42     39.38